%YAML:1.0
---
camera_matrix: !!opencv-matrix
   rows: 3
   cols: 3
   dt: d
   data: [ 6.6464242922164874e+02, 0., 3.1681018341900358e+02, 0.,
       6.6396722955183657e+02, 2.4322581609121454e+02, 0., 0., 1. ]
dist_coeff: !!opencv-matrix
   rows: 1
   cols: 5
   dt: d
   data: [ 3.2960153017535027e-01, -2.2333064369782654e+00,
       8.4644165357992268e-04, -7.9876812279405058e-04,
       4.0752724877190012e+00 ]
